2526867917
2501167175
2351558847
2526673683
2303733269
2171789912
2530289192
2531113987
2544016064
2544783946
2545573598
2547311472
2549912625
2557001376
2570586845
2573673513
2574151679
2575061891
2576340001
2577197889
2577441097
2577441115
2591016764
2592681721
2595345403
2602874942
2619862817
2622516083
2623229468
2623940255
2584857101
2629962641
2639329059
2641898270
2643484451
2643480258
2649699883
2664986736
2667256249
2672227926
2673079462
2673832124
2689516439
2691464603
2694475296
2701494410
2702229287
2702833347
2704595533
2704783163
2519812687
2711193934
2712161313
2704517832
2727539396
2732360028
2733772362
2734522755
2736753075
2756639256
2760786103
2760865647
2763523895
2763582798
2764610635
2770047962
2773958224
2780011386
2779974503
2782617152
2796152046
2796860598
2797635982
2802580801
2802946647
2803742315
2804201531
2811105428
2811771205
2811761143
2822989467
2828729889
2844627248
2847840045
2849588608
2850319863
2872805900
2877890269
2880349834
2883926447
2884251297
2886907851
2888270804
2894854453
2895375365
2900213277
2906433653
2907399062
2911709805
2923755047
2930647009
2933222649
2937084278
2938113068
2943629021
2781751994
2753864788
2438176218
1204385118
2947049048
2828580956
2957011446
2963770488
2967632907
2971130659
2972448609
2978441344
2983372570
2988016725
2988089736
2993950848
2996281885
2998133131
3001195245
3004457548
3006386378
3015858768
3021655836
3024496275
3025260644
3025456109
3028102880
3033382160
3035118867
3037736524
3042907720
3046413905
3051135515
3055392009
3057280781
3065448652
2683543050
3067624322
3074695445
3074717045
3087458579
3089968058
3090768105
3091275385
3092493006
3097534361
3102158152
3103551426
3103629373
3105972479
3048032396
3107794219
3113581249
3114067944
3114629256
3109995915
3119741705
3121166431
3121234922
3122041009
3123527733
3127786677
3130244045
3131213802
3133901662
3135529950
3136963029
3138167302
3140392419
3141744323
3141739720
3141806107
3144851653
3147466454
3147548024
3150652313
3150644805
3151917285
3152254909
3132479710
3153843441
3154218928
3155182678
3155376221
3156041824
3159040834
3163136099
3165226847
3170350831
3171689703
3172346770
3171298880
3178456181
3178966357
3179387872
3180730860
3188702456
3189453988
3189818580
3189853559
3191415091
3192729701
3196283525
3200339178
3212118359
3216229749
3219426188
3226455550
3226924563
3228504057
3232506727
3233960158
3234863977
3239566964
3199133385
3250834739
3255559149
3261691527
3261690900
3261690249
3268228094
3199621134
3272250350
3278797513
3282867625
3285511693
3292648928
3296481451
3309103715
3260227152
3312278691
3289247045
3317516127
3319378369
3320866686
3324001049
3254386422
3342247668
3342273228
3345896024
3349812104
3350881378
3355430101
3357982568
3360027248
3359985546
3359974229
3368347439
3369504713
3370583286
3376467676
3377539994
3377991055
3379180862
3386223911
3386331320
3398386221
3399608317
3404342948
3404598367
3385546567
3418166965
3430082078
3461656784
3470761790
3471852147
3479610823
3479766878
3485573308
3485634947
3486274879
3488022299
3494760894
3501457265
3514785658
3517301789
3520260804
3526070154
3526057047
3534073385
3504984374
3539542754
3551449743
3555328108
3555308093
3561646038
3504225727
3231814175
3569245321
3580115531
3580535569
3582170805
3584449880
3586715204
3593997173
3596656946
3604936384
3604933906
3604931932
3604928295
3611103110
3611495495
3622125833
3622193240
3623038897
3628738365
3635173046
3641019535
3643520767
3645799075
3654835332
3664427109
3668390606
3670041353
3670311101
3672091363
3675963859
3688260070
3688252746
3688598710
3689522579
3690559374
3692015745
3692511537
3692886679
3696004195
3696652939
3702276920
3707471317
3721503242
3724141615
3727236940
3732723229
3742599917
3628232507
3747039369
3756444667
3758388889
3759151983
3769698322
3770985239
3776127415
3776283528
3776276734
3776263878
3777029318
3776278714
3779355198
3781483858
3791586330
3791755925
3795111354
3797347799
3803179955
3803830733
3819797413
3819943027
3825055339
3825888078
3825865973
3829469561
3830663508
3833809662
3836952436
3838837502
3833958438
3851308426
3851746323
3856603125
3856591188
3870477157
3871641724
3871621937
3871613653
3879766457
3883110546
3883106716
3885473917
3888689925
3895286485
3896390143
3878977375
3898991973
3924691004
3925808091
3926738728
3928514555
3930957175
3937876004
3859958796
3939162947
3941483688
3943834847
3943874623
3946841359
3952164993
3953534185
3945803684
3958435842
3960942677
3964326233
3964715322
3964720027
3969654939
3972437334
3972430191
3973641915
3973751882
3973858569
3785986537
3988136563
3989037124
3998410065
4000636452
4001052908
3614845082
4003945052
4004812527
4008945513
4009012476
4001788875
3974199556
4013966881
4025702336
4030067909
4033293774
4034877693
4040395931
4049120210
4038896121
4019204492
3845948439
3763555606
3751154174
4045790412
3979506063
3434041375
4050738403
4053037967
4053495672
4054447027
4054418766
4055015751
4056146633
4058724762
4060965979
4047523851
4063662392
4066299403
4067230657
4067775657
4069853692
4071348196
4069670950
4077660889
4078485752
4079557702
4083102845
4083804565
4084016435
4090509171
4093468008
4085973737
4100048596
4112586566
4112624979
4117264604
4120505901
4057037466
4120506929
4124674803
4125545462
4126171481
4133297953
4133280893
4134349260
4136915999
4138924768
4141177035
4145965259
4146778485
4146908853
4148340753
4151262971
4153393060
4155153169
4155167777
4159972704
4160535528
3967005645
4170506453
4171679832
4176276489
4182893839
4189085650
4193172927
4195138599
4197474173
4202963845
4204464271
4210078376
4212711671
4212747074
4202533253
4213873361
4214057531
4066266980
4215051937
4215195072
4216309357
4218607502
4219997611
4221288152
4223750226
4225168319
3795567039
4230508671
4231159099
4235472169
4238402318
4238511806
4241964579
4177207057
4243050711
4245580980
4003290594
4246602258
4247497952
3902930649
4250815893
4254072623
4254583652
4258264388
4260549350
4260399605
4263990027
4268364297
4270884037
4273386395
4274429288
4216598076
4275447724
4276802657
4277257517
4278072226
4279724636
4279895978
4280042673
4204330486
4285766606
4285942197
4290328944
4292899939
4292930285
4134424916
4303636971
4184630012
4310841111
4312123246
4312161349
4312150973
4279940313
4319229231
4319570437
4320164520
4321992501
4324791308
4325309783
4329066553
4329255104
4330313325
4331807222
4333130475
4336507634
4340956287
4343589160
4343810130
4344840073
4345481359
4664478235
4647838965
4645067933
4607494850
4663157761
4649781994
4547589660
4624631484
4591687644
4572035488
4684998771
4664016330
4647642664
4644278294
4606525931
4593404605
4329651908
3252808835
4676574694
4502329360
4207749677
3974935719
3376618657
2779199875
4688214512
4690092752
4695339700
4695334383
4477005693
4696919931
4697011435
4701703497
4701703484
4702723730
4182551357
4551688938
4708034275
4709451864
4709523813
4714739750
4694872463
3684373654
3529708167
4715296444
4719748305
4720258048
4722350610
4589283693
4723426173
4725679318
4726066504
4729007486
4728997205
4729311511
4729639755
4730259456
4730250388
4736266456
4736181408
4736373050
4736813108
4715412948
4714910074
4743991800
4745833624
4747016778
4586597557
4750842636
4750842625
4752384292
4754501628
4755648092
4756238591
4756979721
4757303116
4753991001
4761084329
4761330249
4762951745
4767284964
4767639768
4768418247
4768546431
4768904616
4774331335
4775652650
4776093323
4776501920
4363792492
4776932740
4780262403
4782019881
4783142149
4769216160
4786810042
4791026985
4791435407
4791593060
4791792097
4791784317
4793486440
4794345968
4794587287
4795137761
4795533798
4796088774
4796133342
4796315104
4798519221
4798503130
4798496977
4798484403
4798560940
4798526607
4799852406
4799987286
4799805121
4799792347
4799736351
4802236155
4802232426
4802539941
4802547210
4801971378
4801872978
4801770922
4801759571
4801539487
4801504213
4801436337
4782530476
4801265450
4801249893
4801115049
4801011021
4801004980
4800612463
4800597406
4800441601
4799962152
4799853246
4799829394
4799770763
4799742719
4799709275
4802589305
4801930794
4801854436
4800842958
4800499195
4800470173
4799257762
4797203944
4796971058
4796646422
4796272718
4796048300
4795327915
4794978437
4794770341
4794438618
4793013053
4792764892
4792753108
4792662857
4792346362
4802391605
4802389180
4801993067
4800740059
4800539511
4799539181
4798860215
4797651193
4797755657
4797230279
4797162495
4797058315
4797035494
4797020141
4796842106
4796558235
4796333537
4796278562
4794795464
4794426404
4792757538
4792370894
4791767354
4791636730
4799571303
4802880862
4792235284
4791477321
4803138371
4782540332
4803324265
4791439653
4803535520
4803501714
4803615976
4803510294
4803633654
4803696160
4803678082
4803700942
4803695882
4803839023
4803956522
4804093229
4804310846
4804298734
4804282955
4804425645
4804508815
4804481412
4804641777
4804531583
4804677301
4804629282
4804625038
4804604715
4804921993
4804922683
4804917177
4804894163
4804918102
4804897015
4805096776
4805149418
4805198539
4804750686
4804536431
4805455027
4805436426
4804736435
4805545793
4805621551
4805574039
4805781568
4805867749
4805894500
4805959018
4806087455
4806005961
4806386761
4806465424
4799983238
4806529425
4805630716
4806531343
4806525982
4806803004
4806913157
4806874754
4805678147
4807170041
4804767717
4807224657
4807438526
4807412321
4807368940
4807353224
4807589084
4807575339
4807745711
4807750561
4800661621
4807767025
4807688920
4807912597
4808080893
4808185701
4808301229
4808278696
4808253234
4808199232
4808182185
4808416692
4808401554
4808628246
4808616679
4808614009
4808679339
4808889809
4808872037
4808898205
4809176761
4809165547
4809116693
4809257386
4809230131
4809109883
4809244064
4809358156
4809476012
4809517797
4809504262
4809582963
4804798446
4809786975
4809849877
4809870670
4809869343
4809881260
4809911343
4809907518
4809836926
4809839092
4809967806
4810480587
4809242742
4811093169
4810841395
4810801138
4810792319
4810776077
4809764979
4804783667
4806300698
4810977513
4810969937
4811012284
4811122276
4811437632
4811307022
4811552432
4811577058
4808549058
4812243514
4812045956
4811988226
4812090896
4812103386
4812535436
4812344918
4812601812
4812583414
4812799688
4812797102
4812815980
4812775094
4812864076
4812997845
4809640735
4813007911
4813168827
4813214309
4813185366
4813190938
4813514429
4813410958
4811927617
4813615367
4813740645
4813734406
4813730088
4813795185
4813785193
4806270584
4814192562
4814134070
4814275279
4814300532
4814283373
4814580258
4814637404
4814633248
4814755883
4814732927
4814802125
4814785620
4815073587
4814996172
4815025520
4815196072
4815311950
4815270460
4815383949
4815514731
4815503847
4815533383
4815656711
4815756956
4815796098
4815785934
4815786808
4815906971
4816045374
4816038227
4808525903
4816167483
4816270427
4816341698
4816400645
4816459483
4816548467
4816606339
4816673397
4816741734
4816757713
4657861401
4817013254
4817230426
4817309776
4817546505
4818217791
4808561530
4818143180
4818293778
4818414608
4818641470
4818585515
4818582588
4818571432
4818555704
4818571230
4818458667
4818441126
4818795421
4818788241
4818691353
4818654984
4818650972
4818833338
4819005508
4808499259
4819018112
4819122505
4819295127
4819512517
4819455743
4819589948
4819612001
4819760928
4819900704
4819818248
4819957270
4820203066
4820297658
4820278308
4820266593
4820391689
4820575312
4820556604
4820665153
4819503928
4820692993
4820673188
4820803435
4820894644
4820864573
4820975159
4821004912
4821089921
4821186025
4821256485
4821427780
4820602489
4816043034
4821543079
4821261147
4821309727
4821609519
4821627471
4821894911
4822083548
4822241565
4822374985
4822511628
4822604733
4822889381
4822862797
4823062272
4823187294
4823283284
4823252988
4823266603
4823443541
4823557872
4823690786
4823668121
4823671615
4815927530
4823946844
4824238353
4824364968
4824371483
4824368383
4824547277
4824587827
4824683977
4824762828
4824811957
4821255434
4824656710
4824935039
4821291035
4321854971
4825006474
4824970049
4825098646
4825086363
4825128699
4825118071
4825158774
4821373841
4825209571
4824125255
4821380085
4821379888
4825304070
4820287338
4825635908
4825597824
4824016961
4825694585
4825854294
4823654723
4825991107
4826013808
4826006901
4826254937
4826236935
4826323216
4826270042
4826279777
4826386834
4826481639
4826690026
4826637042
4826565590
4823145303
4823028114
4826973325
4827114817
4827110528
4827064413
4827441486
4827349367
4827523241
4826958794
4827951714
4827904695
4827838957
4828261122
4828349284
4828442631
4828411854
4828374030
4828480782
4828602743
4828802393
4828790382
4828800874
4828867873
4815670760
4828927704
4828925729
4828932456
4829106570
4828655523
4829171260
4828977603
4828136714
4828128918
4828517611
4829395217
4829508868
4829663641
4829779391
4829835912
4829956969
4830106060
4830124419
4830138209
4830399314
4826488939
4826959956
4830565673
4830703098
4830676652
4830838761
4830831374
4830921685
4830999826
4831232941
4831485972
4831479696
4831363787
4831359605
4831532677
4831506649
4831622247
4831619740
4831727477
4831716333
4831669551
4831639223
4831731449
4831957412
4831932831
4831982977
4832143987
4832139793
4832333992
4832328783
4832311316
4832411806
4832548989
4830221087
4832841568
4829851633
4833173079
4833200530
4833323524
4833610558
4833641952
4833786249
4834147285
4834154279
4834208284
4834416046
4834530842
4833803036
4834501494
4834543855
4834697448
4834846380
4835004501
4835051339
4835103432
4835221283
4835323288
4835278048
4835384203
4835418724
4835425593
4835564326
4835548614
4835542917
4835733409
4835761322
4835904075
4835865760
4835912507
4836029005
4836291699
4836280786
4836271413
4836251649
4836375909
4836519437
4836550765
4835884688
4836628860
4836671611
4834755903
4837329659
4788212694
4799227568
4788136397
4788075460
4837804686
4837793261
4837781794
4837945020
4837944505
4837915577
4838045638
4838047450
4838183370
4838249250
4838353647
4838339241
4838384694
4838480608
4838459651
4838541877
4838606300
4838497845
4838629249
4838743336
4835455796
4838727208
4838820274
4838700552
4838704129
4838971246
4838964096
4839195017
4839290479
4837467939
4839423065
4839507667
4839526222
4839616063
4838435333
4839674908
4839733047
4839734896
4839763829
4839793821
4839847427
4839954556
4840024666
4839984157
4840294406
4840396037
4836410831
4837406639
4840793559
4840770938
4840919848
4840866245
4841019621
4841162817
4841357039
4841346149
4841316623
4841293784
4841570821
4841558100
4841717453
4841759722
4841916955
4841883368
4842047094
4842039569
4842205124
4842416127
4842481275
4842471650
4842611788
4842583973
4842582685
4842509424
4842487092
4842624681
4842672952
4842759255
4842798560
4842871773
4842903720
4843085016
4836791269
4843444004
4843493610
4843482219
4843464717
4837537108
4843681834
4843799769
4843694208
4844273386
4844390649
4844462375
4844593066
4844805058
4844741111
4844837803
4844825164
4844926075
4837639585
4844973668
4845029427
4845099530
4845233058
4845312951
4845455476
4845378558
4845363653
4845539383
4845560774
4845748368
4845772826
4845869100
4845915194
4846046477
4845993732
4846115854
4846284207
4846281037
4846272706
4846253276
4846237809
4846216537
4846330825
4846295416
4846508857
4846473899
4846441506
4846544984
4846650049
4846639551
4846621124
4846770257
4846761397
4846740331
4846715433
4846717806
4846923905
4846900529
4846881986
4846849931
4846832764
4846812675
4847058325
4847011569
4846982606
4847233837
4847354189
4847332402
4847379850
4847360542
4847373676
4847341711
4847334807
4847445178
4847424813
4847452222
4847434671
4847667500
4847809166
4847950921
4847963454
4847995093
4848034703
4848237453
4848234905
4848406374
4848516292
4848732543
4848600456
4848555094
4848824499
4847458492
4846852915
4848887398
4847868604
4849030081
4849232317
4849402674
4849390172
4847929510
4847837208
4849463738
4849614773
4849605001
4849595979
4850040897
4849971126
4850250832
4850352091
4850961783
4850823109
4851061048
4851050812
4850985437
4850976356
4850965369
4850901303
4850890058
4850870617
4850820280
4850800135
4851103125
4851072825
4851390589
4851364710
4851653872
4851527316
4851499942
4851680184
4851694979
4851841380
4851833527
4851829687
4851763982
4851646643
4852062466
4851836714
4851823694
4851915876
4851728587
4851848372
4852116737
4852104635
4852055264
4852170597
4852284260
4852120118
4852478921
4852403943
4852530072
4852522397
4852597135
4852610965
4852603221
4852657963
4852709592
4852852775
4852962208
4852833890
4853204617
4853170914
4853174195
4853516992
4853726661
4853718505
4853651276
4853808007
4854042394
4854227717
4853211686
4854914604
4854872682
4854864374
4854735369
4854848732
4855085445
4855213940
4855207627
4854129976
4855162510
4855434843
4855430216
4855373452
4855597053
4855607249
4855606968
4854529543
4855729212
4855718078
4855826576
4855777436
4855864197
4856122733
4856257845
4856311704
4856486855
4856536147
4856597301
4853646163
4856630406
4856298825
4856826978
4784852440
4854229154
4856945712
4857168989
4857168245
4852535140
4857052382
4855606648
4854558880
4858208206
4858052067
4858188508
4857752179
4857284730
4857281226
4858289959
4858374002
4858350783
4858444567
4858825987
4858789041
4857515058
4858849155
4858912615
4858838995
4859057656
4859024593
4859078420
4850571792
4859225320
4859237149
4857011928
4859675169
4857013582
4859735334
4859961276
4859908882
4859895015
4860067350
4860035728
4860032593
4860088467
4860096353
4860191403
4860193682
4860304241
4860264443
4860329644
4854900119
4860498894
4860680631
4860660709
4860646803
4860777971
4860695557
4860818041
4860808340
4860995513
4860978607
4860960352
4861019486
4861031735
4861032884
4861124668
4861308613
4861285271
4861279945
4861842253
4862172695
4862210511
4862239337
4862292353
4862615528
4862592408
4862576031
4862625648
4862539115
4862648188
4862953380
4862770678
4862843603
4862827932
4862788127
4862777041
4862770025
4862875163
4862857315
4863083762
4863078598
4863067127
4863368574
4863327936
4863412147
4863587010
4863675170
4863694184
4863982513
4863958803
4863944758
4863959451
4864291990
4864400794
4864395618
4864418058
4864557133
4864579015
4864522171
4864763854
4864995908
4865025656
4865092011
4865107286
4865125695
4865152473
4865254312
4865179168
4865281309
4865269520
4865280774
4865326384
4865314215
4864291722
4865624293
4865622232
4865951426
4864852297
4862389751
4866157076
4866020192
4865975711
4866302429
4866396302
4866491955
4866585678
4866650663
4866742855
4866732117
4866669479
4866655086
4866825131
4866793340
